100
0.339708 4 227
0.301537 4 4
0.247627 67 73
0.246135 168 108
0.245168 165 57
0.200846 222 89
0.182804 67 77
0.169421 167 112
0.163094 170 74
0.162443 209 134
0.151060 179 90
0.127284 73 86
0.124946 228 79
0.118626 59 72
0.117899 165 61
0.114726 172 87
0.114332 164 53
0.113548 287 4
0.110138 4 108
0.109987 164 107
0.108891 170 70
0.108680 163 112
0.108496 170 92
0.106188 73 73
0.105614 71 107
0.104784 225 95
0.102418 165 73
0.100063 179 86
0.096168 98 75
0.095037 63 72
0.093960 4 217
0.093646 57 97
0.088661 64 85
0.088273 232 73
0.086448 209 129
0.083482 60 128
0.081755 174 69
0.079322 225 84
0.073028 174 45
0.072116 175 79
0.070437 210 138
0.069464 228 74
0.068577 55 72
0.068348 71 77
0.067453 183 91
0.067025 221 93
0.066793 201 104
0.065357 169 82
0.064743 172 110
0.063575 68 69
0.063355 4 104
0.063115 226 99
0.062600 175 28
0.062469 71 44
0.061977 64 48
0.061552 232 79
0.061075 157 106
0.059594 221 85
0.058702 63 77
0.058594 169 41
0.057936 51 112
0.057505 165 69
0.056832 174 167
0.056752 30 49
0.056410 55 160
0.056273 56 123
0.056049 188 108
0.055851 104 72
0.055638 226 88
0.054797 207 193
0.054212 69 40
0.053796 157 82
0.053395 167 116
0.052966 64 128
0.052961 64 81
0.051759 69 86
0.051397 142 95
0.051334 229 83
0.051233 168 96
0.050858 4 213
0.050754 73 82
0.050444 203 46
0.050140 27 156
0.048885 101 88
0.048554 163 116
0.048428 211 82
0.048332 179 167
0.048220 174 75
0.048138 4 85
0.048113 218 89
0.047277 177 35
0.046805 95 63
0.046534 223 74
0.046434 205 189
0.045956 155 53
0.045793 170 37
0.045742 64 68
0.045652 87 142
0.045578 206 101
0.045520 78 44
